ISS (ZARYA)             
1 25544U 98067A   17290.10388682  .00003615  00000-0  61698-4 0  9994
2 25544  51.6417 150.5561 0004902  32.0286 103.2585 15.54191692 80718
TIANGONG 1              
1 37820U 11053A   17289.81692328  .00046154  89015-5  16860-3 0  9998
2 37820  42.7557 171.1426 0020094 231.2939 170.6562 15.88195170347240
AGGIESAT 4              
1 41313U 98067HP  17289.54538605  .00048862  00000-0  23101-3 0  9993
2 41313  51.6364  96.5779 0003851 256.5845 103.4729 15.82508140 98089
FLOCK 2E'-1             
1 41479U 98067HZ  17289.58709494  .00035797  00000-0  22682-3 0  9992
2 41479  51.6336 114.9067 0001058 236.6450 123.4449 15.76179321 80950
FLOCK 2E'-3             
1 41480U 98067JA  17289.57169612  .00031802  00000-0  20870-3 0  9995
2 41480  51.6295 114.8219 0001132 214.9781 145.1144 15.75437167 80949
FLOCK 2E'-2             
1 41481U 98067JB  17289.74248419  .00124869  00000-0  63513-3 0  9995
2 41481  51.6278 111.3799 0003964 268.2790  91.7757 15.80547862 80994
FLOCK 2E'-4             
1 41482U 98067JC  17289.72390671  .00251356  00000-0  88857-3 0  9992
2 41482  51.6223 107.4317 0005892 271.1640  88.8689 15.87811409 81042
FLOCK 2E-1              
1 41483U 98067JD  17289.63706285  .00023081  00000-0  16770-3 0  9992
2 41483  51.6335 116.8370 0002153 175.1223 184.9797 15.73260938 80785
FLOCK 2E-2              
1 41484U 98067JE  17289.60214775  .00029179  00000-0  18593-3 0  9997
2 41484  51.6318 113.6105 0002694 202.9168 157.1713 15.76159134 80828
FLOCK 2E-3              
1 41486U 98067JG  17289.62245329  .00024857  00000-0  17093-3 0  9992
2 41486  51.6316 118.2174 0003004 209.7130 150.3699 15.74498527 80788
FLOCK 2E-4              
1 41487U 98067JH  17289.62273722  .00023600  00000-0  17063-3 0  9993
2 41487  51.6328 116.7017 0003370 208.5669 151.5145 15.73359388 80803
FLOCK 2E-6              
1 41563U 98067JM  17289.55644363  .00057214  00000-0  42300-3 0  9993
2 41563  51.6318 120.7657 0001735 264.5707  95.5094 15.72384852 78811
FLOCK 2E-5              
1 41564U 98067JN  17289.64218932  .00021117  00000-0  16887-3 0  9997
2 41564  51.6330 120.6005 0000842 255.6326 104.4579 15.71043241 78819
FLOCK 2E-7              
1 41565U 98067JP  17289.59763585  .00035778  00000-0  22477-3 0  9991
2 41565  51.6287 113.4673 0004145 228.2205 131.8441 15.76366983 78801
FLOCK 2E'-5             
1 41567U 98067JR  17289.58064304  .00018581  00000-0  15613-3 0  9992
2 41567  51.6341 123.2228 0004182 226.2485 133.8166 15.69939281 78645
FLOCK 2E'-6             
1 41568U 98067JS  17289.58389574  .00023367  00000-0  17327-3 0  9994
2 41568  51.6319 118.6676 0004090 227.8958 132.1693 15.72766889 78739
FLOCK 2E'-8             
1 41569U 98067JT  17289.60517461  .00036351  00000-0  22256-3 0  9990
2 41569  51.6331 112.7694 0002503 207.1143 152.9727 15.76951150 78697
FLOCK 2E-9              
1 41571U 98067JV  17289.59230101  .00046564  00000-0  26721-3 0  9992
2 41571  51.6333 111.1974 0003055 221.2575 138.8195 15.78291457 78696
FLOCK 2E-10             
1 41572U 98067JW  17289.71963423  .00034870  00000-0  22745-3 0  9996
2 41572  51.6335 114.3247 0004256 225.4766 134.5886 15.75519976 78662
FLOCK 2E-12             
1 41573U 98067JX  17289.69914893  .00036234  00000-0  21956-3 0  9990
2 41573  51.6332 112.6544 0004117 231.9730 128.0899 15.77180996 78682
FLOCK 2E-11             
1 41574U 98067JY  17289.62311095  .00034896  00000-0  21301-3 0  9995
2 41574  51.6263 112.0750 0004788 243.8207 116.2301 15.77030078 78686
FLOCK 2E'-9             
1 41575U 98067JZ  17289.57623294  .00042292  00000-0  23335-3 0  9995
2 41575  51.6298 110.2285 0004946 248.5878 111.4596 15.79199576 78695
FLOCK 2E'-10            
1 41576U 98067KA  17289.60418717  .00039623  00000-0  23094-3 0  9998
2 41576  51.6328 112.8051 0004620 248.8744 111.1763 15.78010291 78567
FLOCK 2E'-11            
1 41577U 98067KB  17289.58380156  .00034392  00000-0  21932-3 0  9998
2 41577  51.6343 114.1913 0004511 225.1276 134.9358 15.76043559 78366
FLOCK 2E'-12            
1 41578U 98067KC  17289.75371436  .00050005  00000-0  27312-3 0  9996
2 41578  51.6282 110.6929 0005701 232.4589 127.5894 15.79344490 78428
FLOCK 2E'-13            
1 41761U 98067KH  17289.71215435  .00013662  00000-0  14845-3 0  9997
2 41761  51.6360 137.7011 0005134   2.1990 357.9027 15.63792800 61906
FLOCK 2E'-14            
1 41762U 98067KJ  17289.67731294  .00014302  00000-0  15270-3 0  9994
2 41762  51.6373 137.5055 0004591   2.7909 357.3110 15.64198111 61902
FLOCK 2E'-16            
1 41763U 98067KK  17289.79952351  .00015813  00000-0  16385-3 0  9993
2 41763  51.6376 136.0686 0004056  18.4709 341.6432 15.64868999 61897
FLOCK 2E'-15            
1 41764U 98067KL  17289.79546044  .00013823  00000-0  15095-3 0  9998
2 41764  51.6373 137.5393 0004795  11.4698 348.6405 15.63654310 61870
TIANGONG-2              
1 41765U 16057A   17289.69025385  .00007053  00000-0  92097-4 0  9993
2 41765  42.7837 353.0896 0002922 342.8207 159.9721 15.59198284 61947
FLOCK 2E'-18            
1 41769U 98067KM  17289.58565272  .00014025  00000-0  15277-3 0  9991
2 41769  51.6372 138.3814 0004075  38.5749 321.5536 15.63707036 61845
FLOCK 2E'-17            
1 41776U 98067KN  17289.76237233  .00014243  00000-0  15382-3 0  9991
2 41776  51.6380 137.3402 0004285  39.7341 320.3967 15.63910895 61864
FLOCK 2E'-19            
1 41777U 98067KP  17289.64548396  .00020288  00000-0  18593-3 0  9997
2 41777  51.6351 132.7319 0002811  42.6460 317.4754 15.67746610 61875
FLOCK 2E'-20            
1 41782U 98067KQ  17289.77603680  .00020153  00000-0  19286-3 0  9996
2 41782  51.6365 133.6487 0002914  41.3232 318.7984 15.66676119 61749
BANXING-2               
1 41834U 16057H   17289.60525145  .00019602  00000-0  15426-3 0  9993
2 41834  42.7835 337.2874 0007941  18.1971 113.6513 15.71045565 56182
STARS-C                 
1 41895U 98067KR  17289.20574944  .00052114  00000-0  40665-3 0  9996
2 41895  51.6342 140.3036 0001896 110.5581 249.5620 15.71142742 46947
TANCREDO-1              
1 41931U 98067KT  17290.00199572  .03889717  11947-4  14627-2 0  9991
2 41931  51.6202 121.3665 0009808 281.6220  78.4828 16.23461432 42832
ITF-2                   
1 41932U 98067KU  17289.65422320  .00019922  00000-0  21483-3 0  9994
2 41932  51.6385 143.3723 0003387  10.0137 350.0924 15.63662769 42511
WASEDA-SAT3             
1 41933U 98067KV  17289.69358580  .00023296  00000-0  23731-3 0  9992
2 41933  51.6365 142.0975 0002981  12.7734 347.3336 15.65002667 42531
AOBA-VELOX 3            
1 41935U 98067KX  17289.79642820  .00023834  00000-0  24733-3 0  9999
2 41935  51.6382 142.0616 0002726  15.5521 344.5558 15.64519571 42649
OSNSAT                  
1 41939U 98067KZ  17289.61770249  .00072193  00000-0  45995-3 0  9996
2 41939  51.6337 134.7795 0001465 330.9934  29.0984 15.75749586 41976
LEMUR-2-REDFERN-GOES    
1 42059U 98067LA  17289.79680130  .00021878  00000-0  24434-3 0  9997
2 42059  51.6369 145.0431 0005880  40.9428 319.2007 15.62683020 34998
LEMUR-2-TRUTNA          
1 42067U 98067LC  17289.67060107  .00042680  00000-0  36273-3 0  9997
2 42067  51.6359 141.9336 0003471  48.8238 311.3058 15.69167329 34855
LEMUR-2-AUSTINTACIOUS   
1 42068U 98067LD  17289.79398821  .00027089  00000-0  28256-3 0  9996
2 42068  51.6375 144.2751 0005011  33.5052 326.6259 15.64300491 34933
LEMUR-2-TRUTNAHD        
1 42069U 98067LE  17289.51244391  .00024335  00000-0  26527-3 0  9999
2 42069  51.6380 146.1598 0005039  39.8861 320.2503 15.63241096 34933
ISS DEB                 
1 42434U 98067LF  17289.81271210  .01941265  31992-2  20260-2 0  9992
2 42434  51.6209 132.9702 0011807 269.9419  90.0242 16.10424949 31307
ISS DEB                 
1 42697U 98067LG  17289.81834251  .00621256  16688-3  17297-2 0  9999
2 42697  51.6262 139.8341 0008123 250.3922 109.6208 15.93088090 25734
HAVELSAT                
1 42700U 98067LH  17289.79626627  .00020589  00000-0  25500-3 0  9994
2 42700  51.6383 148.7954 0005542  72.1098 288.0499 15.60029121 23891
SOMP 2                  
1 42701U 98067LJ  17289.81503019  .00018211  00000-0  23010-3 0  9990
2 42701  51.6383 148.9236 0005540  71.1621 288.9972 15.59593825 23885
COLUMBIA                
1 42702U 98067LK  17289.79213358  .00052566  00000-0  50478-3 0  9991
2 42702  51.6363 146.5088 0003340  88.0871 272.0508 15.66066244 23846
SGSAT                   
1 42703U 98067LL  17289.87031442  .00038335  00000-0  40657-3 0  9999
2 42703  51.6360 147.0278 0000109 131.5941 228.5063 15.63704273 23832
CXBN-2                  
1 42704U 98067LM  17289.62914895  .00019394  00000-0  24396-3 0  9991
2 42704  51.6385 149.9324 0000910  43.3197 316.7867 15.59673521 23788
ICECUBE                 
1 42705U 98067LN  17289.78200567  .00025168  00000-0  29833-3 0  9990
2 42705  51.6403 148.7170 0001231   9.3309 350.7708 15.61059350 23873
PHOENIX                 
1 42706U 98067LP  17289.87060265  .00020017  00000-0  25010-3 0  9991
2 42706  51.6380 148.5470 0001144  89.4580 270.6544 15.59828937 23816
X-CUBESAT               
1 42707U 98067LQ  17289.86845116  .00020025  00000-0  24904-3 0  9997
2 42707  51.6369 148.5245 0001175  93.0895 267.0232 15.59952180 23809
QBEE50-LTU-OC           
1 42708U 98067LR  17289.87366804  .00019142  00000-0  23939-3 0  9996
2 42708  51.6371 148.5595 0001170  88.5786 271.5341 15.59837565 23769
ALTAIR PATHFINDER       
1 42711U 98067LS  17289.83318547  .00012909  00000-0  17511-3 0  9990
2 42711  51.6380 149.7889 0003290   1.5112 358.5890 15.58020572 23457
SHARC                   
1 42712U 98067LT  17289.77603199  .00009631  00000-0  13445-3 0  9994
2 42712  51.6392 150.1659 0001752  19.0776 341.0281 15.57598380 23685
ZA-AEROSAT              
1 42713U 98067LU  17289.78879682  .00016943  00000-0  22054-3 0  9998
2 42713  51.6382 149.4975 0001074   7.3764 352.7244 15.58872443 23450
LINK                    
1 42714U 98067LV  17289.80111985  .00024841  00000-0  29775-3 0  9990
2 42714  51.6369 148.8209 0000497  13.9347 346.1660 15.60776578 23574
CSUNSAT 1               
1 42715U 98067LW  17289.79196251  .00017189  00000-0  22202-3 0  9993
2 42715  51.6387 149.5148 0003007 347.2715  12.8201 15.59065086 23455
UPSAT                   
1 42716U 98067LX  17289.78734413  .00024133  00000-0  29130-3 0  9995
2 42716  51.6381 148.7374 0003974  81.7234 278.4210 15.60606255 23597
SPACECUBE               
1 42717U 98067LY  17289.82264737  .00020518  00000-0  25761-3 0  9997
2 42717  51.6380 148.9719 0004096  78.7738 281.3715 15.59678410 22832
HOOPOE                  
1 42718U 98067LZ  17289.80480206  .00021177  00000-0  26104-3 0  9991
2 42718  51.6378 148.8530 0003962  79.0163 281.1276 15.60142064 22830
CHALLENGER              
1 42721U 98067MA  17289.78316011  .00028094  00000-0  32661-3 0  9994
2 42721  51.6369 148.6987 0005527  53.0657 307.0843 15.61487644 22539
NJUST-1                 
1 42722U 98067MB  17289.81659158  .00016205  00000-0  21294-3 0  9992
2 42722  51.6385 149.6786 0006612  50.1419 310.0154 15.58641049 22521
UNSW-ECO                
1 42723U 98067MC  17289.70831456  .00020402  00000-0  25318-3 0  9999
2 42723  51.6382 149.7088 0005940  51.6700 308.4826 15.59981975 22496
DUTHSAT                 
1 42724U 98067MD  17289.79800322  .00027985  00000-0  32896-3 0  9999
2 42724  51.6381 148.8050 0004853  58.8557 301.2912 15.61206202 22433
LILACSAT-1              
1 42725U 98067ME  17289.87517235  .00019044  00000-0  24530-3 0  9990
2 42725  51.6383 149.3231 0005515  55.8434 304.3081 15.59048845 22435
NSIGHT-1                
1 42726U 98067MF  17289.87228508  .00008685  00000-0  12374-3 0  9995
2 42726  51.6395 150.0564 0006339  54.0046 306.1532 15.57187428 22432
SNUSAT-1                
1 42727U 98067MG  17289.80860461  .00017104  00000-0  22146-3 0  9993
2 42727  51.6372 149.6169 0006316   9.7959 350.3156 15.58991629 22393
QBITO                   
1 42728U 98067MH  17289.78496941  .00020185  00000-0  25495-3 0  9992
2 42728  51.6395 149.4792 0003211  73.6996 286.4350 15.59534675 22234
AALTO-2                 
1 42729U 98067MJ  17289.78476723  .00020365  00000-0  25696-3 0  9992
2 42729  51.6385 149.4709 0003147  73.6788 286.4551 15.59555253 22248
SUSAT                   
1 42730U 98067MK  17289.79382482  .00019338  00000-0  24658-3 0  9998
2 42730  51.6383 149.5282 0003200  69.0902 291.0433 15.59314113 22230
I-INSPIRE II            
1 42731U 98067ML  17289.76355508  .00023531  00000-0  28819-3 0  9998
2 42731  51.6372 149.3148 0005102 352.0622   8.0289 15.60235541 22284
POLYITAN-2-SAU          
1 42732U 98067MM  17289.71540762  .00020533  00000-0  25768-3 0  9991
2 42732  51.6374 149.7443 0005343 351.4980   8.5921 15.59683585 22276
SNUSAT-1B               
1 42733U 98067MN  17289.79361674  .00018394  00000-0  23470-3 0  9993
2 42733  51.6381 149.5189 0005499 355.3389   4.7551 15.59325435 22283
EXALTA-1                
1 42734U 98067MP  17289.83036976  .00022673  00000-0  27930-3 0  9993
2 42734  51.6373 149.0127 0006834  21.9255 338.2029 15.60096550 22240
AOXIANG-1               
1 42735U 98067MQ  17289.81204483  .00017024  00000-0  22250-3 0  9996
2 42735  51.6376 149.6457 0007128  46.1042 314.0538 15.58739641 23651
BEEAGLESAT              
1 42736U 98067MR  17289.80469331  .00017964  00000-0  23194-3 0  9992
2 42736  51.6374 149.5967 0006838  45.3341 314.8208 15.59023181 22348
ATLANTIS                
1 42737U 98067MS  17289.82119790  .00046909  00000-0  47975-3 0  9990
2 42737  51.6352 147.4429 0004131  50.2969 309.8390 15.64528517 22266
PROGRESS-MS 06          
1 42756U 17033A   17288.55122811  .00004085  00000-0  68802-4 0  9994
2 42756  51.6417 158.2968 0004740  26.9534  55.3499 15.54180695 19169
ISS DEB (ROSA)          
1 42813U 98067MT  17289.82940635  .00073163  00000-0  75221-3 0  9992
2 42813  51.6362 149.0068 0000467 311.5628  48.5327 15.64215561 17647
SOYUZ-MS 05             
1 42898U 17043A   17288.55122811  .00004085  00000-0  68802-4 0  9992
2 42898  51.6417 158.2968 0004740  26.9534  55.3499 15.54180695 12271
SOYUZ-MS 06             
1 42937U 17054A   17288.55122811  .00004085  00000-0  68802-4 0  9998
2 42937  51.6417 158.2968 0004740  26.9534  55.3499 15.54180695  5086
PROGRESS-MS 07          
1 42971U 17065A   17289.14588749  .00133467  00000-0  59051-3 0  9992
2 42971  51.6479 155.3891 0022486 220.4723 283.7502 15.83137263   287
